Target                      Region	    logN(SiII)    err     logN(Si3)   err  logN(Si4)   err   logN(C2)   err   logN(C4)  err log(Si3/Si2) err log(Si4/Si2) err  log(C4/C2) err   l         b        LMS     BMS     PID   vmin  vmax   vms    logN(HI) logN(OI)   err
3C57	                    MS-Off	    <12.97	        0.0    <12.38	  0.0   <12.71     0.0 	   13.99    0.04   <13.25   0.0     -999    0.0     -999    0.0     <-0.74    0.0  173.08	-67.26   -64.05   29.33   12038  -260  -160	 -999    <17.97     -999     0.0
ESO265-G23	                LA-Off	    13.72           0.10	13.35     0.10	<13.37     0.0 	    -999    0.0      -999   0.0    -0.36    0.15    0.34    0.0       -999    0.0  285.91	 16.59    48.41	  -9.20   12275   160   300	  230    <18.02     -999     0.0
ESO267-G13	                LA-Off	    13.22           0.20	13.20     0.20	<13.58     0.0 	  <14.40    0.0      -999   0.0    -0.03    0.29   <0.36    0.0       -999    0.0  294.10	 18.34    49.67	 -17.11   12275   215   360   290    <18.03     -999     0.0
ESO031-G08	                Bridge	    14.63           0.10   >13.87     0.0    13.47     0.13	    -999    0.0     13.89   0.14  >-0.76    0.0    -1.17    0.17	  -999    0.0  290.33	-40.79    -9.31	  -3.93   12263   150   340   207     20.51     -999     0.0
FAIRALL9	                MS-On	    14.53           0.02	13.54     0.01	 13.02     0.09	  >14.88    0.0     13.49   0.06   -0.98    0.05   -1.51    0.10	<-1.39    0.0  295.07	-57.83   -26.56	  -2.30   12604   120   280   184     19.97     -999     0.0
H1101-232	                LA-Off	    13.84           0.04   >13.44     0.0   <13.46     0.0 	  >14.51    0.0    <13.64   0.0   >-0.41    0.0   <-0.38    0.0     <-0.87    0.0  273.19	 66.55    99.29	  -4.77   12025   130   230   160    <18.12     -999     0.0
HE0153-4520	                MS-Off	    12.98           0.09	12.83     0.04	<12.72     0.0 	   13.82    0.04   <13.25   0.0    -0.14    0.11  <-0.26    0.0     <-0.58    0.0  271.77	-67.98   -35.10	   9.47   11541   150   240   180    <18.40     -999     0.0
HE0226-4110	                MS-Off	    13.12           0.05	13.26     0.01   13.03     0.07	   14.28    0.01    13.88   0.02    0.15    0.07   -0.08    0.10	 -0.39   0.06  253.94	-65.78   -34.34	  16.74   11541    90   245   195    <18.33     -999     0.0
HE0238-1904	                MS-Off	    <12.70	        0.0    <12.28	  0.0   <12.91     0.0 	  <13.24    0.0    <13.09   0.0     -999    0.0     -999    0.0       -999    0.0  200.48	-63.63   -50.95	  33.21   11541  -260  -160  -999    <17.98     -999     0.0
HE0429-5343	                LMC-Off	    13.42           0.13	13.24     0.09	<13.34     0.0 	  <14.25    0.0      -999   0.0    -0.17    0.17  <-0.07    0.0       -999    0.0  262.08	-42.17    -9.19   17.18   12275   220   325   275    <17.98     -999     0.0
HE0435-5304	                LMC-Off	    13.79           0.06   >13.67	  0.0    13.22     0.12	    -999    0.0     13.62   0.16  >-0.12    0.0    -0.58    0.14	  -999    0.0  261.02	-41.38    -8.45   18.04   11520   200   380   280    <18.00     -999     0.0
HE0439-5254	                LMC-Off	    13.62           0.03	13.36     0.04	<13.77     0.0 	  <14.27    0.0     13.57   0.13   -0.27    0.07   <0.15    0.0    	>-0.71    0.0  260.69	-40.90    -7.98   18.34   11520   190   340   280    <18.03     -999     0.0
HE1003+0149	                LA-Off	    <13.17	        0.0    <12.87     0.0   <12.92     0.0 	  <13.88    0.0    <13.31   0.0     -999    0.0     -999    0.0       -999    0.0  238.53	 42.79    85.30   22.25   12593   200   300	 -999    <18.36     -999     0.0
HE1159-1338	                LA-Off	    13.38           0.12	13.31     0.07	<13.16     0.0 	    -999    0.0      -999   0.0    -0.07    0.14  <-0.22    0.0       -999    0.0  285.11	 47.24    79.51   -9.98   12275   110   240   205    <17.99     -999     0.0
HS0033+4300	                MS-Off	    <13.68	        0.0     12.48     0.20	  -999     0.0 	   13.49    0.42     -999   0.0   >-1.19    0.0     -999    0.0       -999    0.0  120.03	-19.51  -129.21   22.74   12264  -400  -300	 -999    <18.42     -999     0.0
IO-AND	                    MS-Off	    12.92           0.08	12.85     0.04	<12.56     0.0 	   13.96    0.03   <13.12   0.0    -0.06    0.10  <-0.36    0.0     <-0.85    0.0  120.80	-59.52   -86.78   17.66   11632  -410  -320  -370    <18.12     -999     0.0
IRAS01003-2238	            MS-Off	     -999	        0.0    <13.01     0.0   <13.53     0.0 	  <14.18    0.0      -999   0.0     -999    0.0     -999    0.0       -999    0.0  152.05	-84.58   -60.56   11.85   12533  -280  -160	 -999    <18.14     -999     0.0
IRAS_F09539-0439	        LA-On	    >14.05          0.0 	13.55     0.0    12.86     0.10	  >14.86    0.0      -999   0.0     -999    0.0   <-1.19    0.0       -999    0.0  243.33	 37.00    77.89   22.18   12275   140   240   160     18.89    14.94     0.09
IRAS_Z06229-6434	        LMC-Off	    14.28           0.01	13.92     0.0    13.29     0.05     -999     0.0   <13.36   0.0   >-0.36    0.0    -1.00    0.07	  -999    0.0  274.31	-27.32     5.98   7.14    11692   200   480   350    <18.13     -999     0.0
LBQS0107-0233	            MS-Off	    12.33           0.20	12.70     0.12	<13.11     0.0 	  <13.59    0.0     13.29   0.17    0.37    0.24   <0.79    0.0     >-0.30    0.0  134.03	-64.78   -79.13   21.32   11585  -330  -220  -260    <18.03     -999     0.0
LBQS0107-0235	            MS-Off	    13.05           0.19	12.87     0.10	<13.14     0.0 	   13.67    0.15    13.71   0.07   -0.18    0.22   <0.10    0.0       0.05   0.17  134.01	-64.80   -79.12   21.30   11585  -340  -150  -252    <18.02     -999     0.0
LBQS1019+0147	            LA-Off	    <13.38          0.0    <12.85     0.0   <13.15     0.0 	  <14.17    0.0    <13.72   0.0     -999    0.0     -999    0.0       -999    0.0  242.16	 46.07    86.67   18.28   11598   180   280	 -999    <18.00     -999     0.0
MRC2251-178	                MS-Off	    <12.96          0.0 	12.99     0.03	 13.04     0.06	   13.29    0.12    13.71   0.04   >0.03    0.0    >0.08    0.0       0.42   0.13   46.20	-61.33   -74.97  -15.18   12029  -350  -200  -260    <18.12     -999     0.0
MRK1014	                    MS-Off	    <12.87          0.0    <12.39	  0.0   <12.99     0.0 	  <13.53    0.0      -999   0.0     -999    0.0     -999    0.0       -999    0.0  156.57	-57.94   -77.04   33.87   12569  -260  -180	 -999    <18.21     -999     0.0
MRK1044	                    MS-Off	    <12.96          0.0 	12.73     0.07	<12.97     0.0 	   13.58    0.11   <13.43   0.0   >-0.24    0.0     -999    0.0     <-0.15    0.0  179.69	-60.48   -62.67   36.61   12212  -280  -130  -220    <18.06     -999     0.0
MRK1502	                    MS-Off	    <13.30          0.0    <13.02	  0.0   <13.36     0.0 	  <13.85    0.0      -999   0.0     -999    0.0     -999    0.0       -999    0.0  123.75	-50.17   -95.87   21.78   12569  -340  -150	 -999    <18.19     -999     0.0
MRK1513	                    MS-Off	    <12.91          0.0 	13.00     0.04 	 12.95     0.09	   13.48    0.10    14.04   0.04   >0.09    0.0    >0.04    0.0       0.56   0.12   63.69	-29.07  -109.97  -25.55   11524  -370  -170  -270    <18.28     -999     0.0
MRK304	                    MS-Off	    <13.03          0.0 	13.26     0.03	 12.91     0.10	   13.70    0.06    13.85   0.05   >0.23    0.0   >-0.12    0.0       0.15   0.10   75.99	-34.22  -109.18  -13.91   12604  -400  -230  -350    <18.25     -999     0.0
MRK335	                    MS-Off	    <13.09          0.0 	12.83     0.05	<12.90     0.0 	  <13.42    0.0     13.62   0.06  >-0.26    0.0     -999    0.0      >0.20    0.0  108.76	-41.42  -106.41   12.64   11524  -400  -200  -340    <18.22     -999     0.0
MS0117.2-2837	            CHVC-Off	13.21           0.08	13.39     0.03	 13.05     0.08	   14.11    0.04    13.71   0.06    0.18    0.10   -0.16    0.12	 -0.40   0.08  225.73	-83.65   -53.35	  12.53   12204  -270  -95   -120    <17.29     -999     0.0
NGC3125	                    LA-Off	    13.32           0.08	13.23     0.19	<13.34     0.0 	  <14.43    0.0      -999   0.0    -0.09    0.21   <0.02    0.0       -999    0.0  265.33	 20.64    55.22    9.52   12172   150   300   220    <18.47    14.37    0.28
NGC3783	                    LA-On	    13.86           0.02	13.02     0.04  <12.86     0.0 	    -999    0.0    <13.24   0.0    -0.84    0.07  <-1.01    0.0       -999    0.0  287.46	 22.95    54.74	 -11.13   12212   150   300   240     20.10   >14.95     0.0
NGC7714	                    MS-On	    13.65           0.11	13.69     0.10	 13.51     0.11	   14.46    0.10    13.93   0.12    0.04    0.16   -0.14    0.16	 -0.53   0.16   88.22	-55.56   -91.08	   0.43   12604  -420  -190  -320     19.01     -999     0.0
PG0003+158	                MS-Off	    13.36           0.07	13.34     0.03	  -999     0.0 	    -999    0.0     14.01   0.03   -0.02    0.09    -999    0.0       -999    0.0  107.32	-45.33  -102.43	  11.52   12038  -430  -200  -315    <18.21     -999     0.0
PG0026+129	                MS-Off	    <12.95          0.0     12.71     0.09	<12.68     0.0 	  <13.64    0.0      -999   0.0   >-0.24    0.0     -999    0.0       -999    0.0  114.64	-49.25   -98.04	  16.19   12569  -330  -250  -280    <18.14     -999     0.0
PG0044+030	                MS-Off	    13.31           0.19	12.93     0.19	<13.25     0.0 	   14.02    0.12     -999   0.0    -0.37    0.28  <-0.05    0.0       -999    0.0  120.80	-59.52   -86.78	  17.66   12275  -350  -250  -275    <18.39     -999     0.0
PG1011-040	                LA-Off	    12.44           0.08	12.57     0.06	<12.74     0.0 	   13.60    0.05   <13.14   0.0     0.13    0.11   <0.30    0.0     <-0.46    0.0  246.50	 40.75    80.16	  18.23   11524   185   235   208    <18.08     -999     0.0
PG1049-005	                LA-Off	    13.88           0.07	13.51     0.07	<13.22     0.0 	   14.67    0.06    13.59   0.16   -0.37    0.11  <-0.66    0.0      -1.08   0.18  252.24	 49.88    86.72	  10.54   12248   100   280   200    <18.00     -999     0.0
PG2349-014	                MS-Off	    13.35           0.07   >13.73     0.0    13.44     0.04	   14.44    0.03     -999   0.0    >0.37    0.0     0.09    0.10	  -999    0.0   91.66	-60.36   -86.73	   3.16   12569  -370  -200  -294    <18.11     -999     0.0
PHL1811	                    MS-Off	    13.37           0.04	13.60     0.01	 13.46     0.03	   14.29    0.02    14.30   0.02    0.23    0.07	0.09    0.07	  0.02   0.06   47.47	-44.82   -87.33	 -27.05   12038  -380  -120  -200    <18.00     -999     0.0
PHL2525	                    MS-On	    13.38           0.07   >13.70	  0.0    13.19     0.09	   14.38    0.03    14.01   0.05   >0.32    0.0    -0.19    0.12	 -0.37   0.08   80.68	-71.32   -75.04	   1.52   12604  -280  -120  -256     18.27     -999     0.0
PKS0202-76	                Bridge	    14.60           0.07	 -999	  0.0    13.18     0.24	  >15.23    0.0     13.70   0.20    -999    0.0    -1.42    0.26	<-1.53    0.0  297.55	-40.05   -10.09	  -9.42   12263   100   360   150     20.05     -999     0.0
PKS0439-433	                LMC-Off	    14.06           0.03	13.29     0.03	 13.16     0.07	  <13.98    0.0      -999   0.0    -0.77    0.07   -0.89    0.09	  -999    0.0  247.98	-41.38   -10.41	  27.65   12536   200   340   240    <18.03     -999     0.0
PKS0552-640	                LMC-On	    13.98           0.03   >13.86	  0.0   <13.10     0.0 	    -999    0.0     13.83   0.04  >-0.12    0.0   <-0.88    0.0       -999    0.0  273.47	-30.61     2.72	   8.12   11692   200   450   279     18.23     -999     0.0
PKS0558-504	                LMC-Off	    12.82           0.20	12.68     0.10	<13.23     0.0 	  <14.06    0.0     13.24   0.24   -0.15    0.23   <0.41    0.0     >-0.82    0.0  257.96	-28.57     4.91	  21.59   11692   220   350   265    <18.07     -999     0.0
PKS0637-75	                LMC-On	    14.24           0.03	13.82     0.03	<13.31     0.0 	    -999    0.0     13.84   0.05   -0.42    0.06  <-0.93    0.0       -999    0.0  286.37	-27.16     4.73	  -3.51   11692   180   400   240     19.28     -999     0.0
PKS0932+02	                LA-Off	    <13.60          0.0    <13.08	  0.0   <13.43     0.0 	  <14.21    0.0    <13.91   0.0     -999    0.0     -999    0.0       -999    0.0  232.39	 36.84    83.08	  29.58   11598   200   300	 -999    <18.10     -999     0.0
PKS1101-325	                LA-Off	    <13.18          0.0    <12.76	  0.0   <12.81     0.0 	  <14.20    0.0      -999   0.0     -999    0.0     -999    0.0       -999    0.0  278.12	 24.77    57.35	  -2.79   12275   220   320	 -999    <18.03   >15.04     0.0
PKS1136-13	                LA-Off	    12.57           0.20	12.36     0.17	<12.77     0.0 	   13.62    0.09     -999   0.0    -0.21    0.27   <0.19    0.0       -999    0.0  277.53	 45.43    77.98	  -4.66   12275   150   220   180    <18.09     -999     0.0
QSO1220-2859	            CHVC-On	    13.46           0.06	13.32     0.04	 13.08     0.10	  <14.39    0.0     13.66   0.11   -0.15    0.09   -0.38    0.13	>-0.74    0.0  227.78	-82.93   -52.69	  12.94   12204  -270  -120  -180     18.42     -999     0.0
RBS144	                    MS-On	    13.86           0.03   >13.56	  0.0   <13.10     0.0 	  >14.60    0.0    <13.51   0.0   >-0.30    0.0   <-0.76    0.0     <-1.08    0.0  299.48	-65.84   -34.80	  -1.50   12604    65   210    92     20.17     -999     0.0
RBS1795	                    MS-Off	    <12.50          0.0    <12.51	  0.0   <12.60     0.0 	  <13.29    0.0    <13.49   0.0     -999    0.0     -999    0.0       -999    0.0  355.18	-50.87   -47.56	 -30.50   11541   100   200	 -999    <18.08     -999     0.0
RBS1892	                    MS-Off	    <12.53          0.0    <12.37	  0.0   <12.80     0.0 	  <13.57    0.0    <13.26   0.0     -999    0.0     -999    0.0       -999    0.0  345.90	-58.37   -44.75	 -21.65   12604   160   240	 -999    <18.02     -999     0.0
RBS1897	                    MS-Off	    12.60           0.12	12.57     0.04	<12.48     0.0 	  <13.00    0.0    <13.20   0.0    -0.03    0.14  <-0.12    0.0       -999    0.0  338.51	-56.63   -40.11	 -21.30   11686   100   200   135    <18.29     -999     0.0
RBS542	                    LMC-Off	    13.29           0.02	13.46     0.00	 12.97     0.08	    -999    0.0     13.53   0.02    0.17    0.05   -0.32    0.10	  -999    0.0  266.99	-42.00    -8.76	  13.56   11686   200   400   300    <18.14     -999     0.0
RBS563	                    LMC-On	    14.53           0.07   >14.08	  0.0    13.85     0.04	    -999    0.0      4.36   0.07  >-0.45    0.0    -0.68    0.10	  -999    0.0  272.25	-39.23    -5.94	   9.56   11692   180   400   220     19.22     -999     0.0
RBS567	                    LMC-Off	    13.17           0.12	13.38     0.03	<13.13     0.0 	  <14.26    0.0    <13.56   0.0     0.22    0.13  <-0.03    0.0       -999    0.0  261.22	-40.93    -7.96	  17.94   11520   180   360   220    <17.97     -999     0.0
RX_J0209.5-0438	            MS-Off	    <13.43          0.0      -999	  0.0    12.86     0.14	   14.03    0.05    13.30   0.12    -999    0.0   >-0.57    0.0      -0.73   0.14  165.99	-60.81   -70.31	  34.10   12264  -260  -160  -220    <18.23     -999     0.0
RX_J0503.1-6634	            LMC-On	    >14.82          0.0    >14.14	  0.0    13.38     0.11	    -999    0.0     13.67   0.14    -999    0.0   <-1.45    0.0       -999    0.0  277.18	-35.42    -2.36	   5.41   11692   160   375   285     20.98     -999     0.0
SDSSJ001224.01-102226.5 	MS-On	    13.58           0.16   >13.79	  0.0    13.50     0.15	   14.53    0.17    14.02   0.13   >0.21    0.0    -0.08    0.23	 -0.51   0.22   92.32	-70.89   -76.35	   5.07   12248  -340  -140  -285     18.43     -999     0.0
SDSSJ015530.02-085704.0 	MS-Off	    13.44           0.08	13.10     0.05	<13.08     0.0 	   14.13    0.09   <13.61   0.0    -0.35    0.11  <-0.36    0.0     <-0.52    0.0  165.72	-66.34   -67.52	  29.10   12248  -180  -100  -140    <18.07     -999     0.0
SDSSJ021218.32-073719.8 	MS-Off	    <13.19          0.0    <12.61	  0.0   <13.11     0.0 	  <13.79    0.0    <13.60   0.0     -999    0.0     -999    0.0       -999    0.0  171.15	-62.66   -66.72	  33.41   12248  -260  -160	 -999    <18.12     -999     0.0
SDSSJ094331.60+053131.0 	LA-Off	    12.81           0.20	12.71     0.20	<13.34     0.0 	   13.55    0.30   <13.77   0.0    -0.11    0.29   <0.53    0.0      <0.22    0.0  230.04	 40.41    87.57	  28.71   11598   130   200   160    <18.26     -999     0.0
SDSSJ095915.60+050355.0 	LA-On	    <13.05          0.0 	12.46     0.15	<12.99     0.0 	  <13.99    0.0     13.52   0.13  >-0.58    0.0     -999    0.0    	>-0.47    0.0  233.37	 43.48    88.38	  24.84   12248   225   325   289     19.09   <14.54     0.0
SDSSJ225738.20+134045.0 	MS-Off	    13.61           0.16   >13.63	  0.0    13.76     0.09	   14.36    0.10    14.25   0.09   >0.02    0.0     0.15    0.19	 -0.11   0.14   85.28	-40.73  -105.05	  -4.97   11598  -440  -260  -360    <18.17     -999     0.0
SDSSJ234500.43-005936.0	    MS-On	    13.75           0.11	13.52     0.20	 13.41     0.12	   14.38    0.11   >13.87   0.0    -0.23    0.23   -0.34    0.17	>-0.51    0.0   88.79	-59.39   -87.41	   1.56   11598  -330  -190  -300     18.54     -999     0.0
TON_S210	                CHVC-On	    13.47           0.03	13.40     0.01	 13.02     0.05	   14.28    0.01    13.79   0.03   -0.08    0.06   -0.45    0.07	 -0.49   0.06  224.97	-83.16   -53.11	  12.98   12204  -280  -140  -200     18.36     -999     0.0
UGC12163	                MS-Off	    <13.47          0.0     13.24     0.10	 13.24     0.15	   14.02    0.10    13.58   0.17  >-0.24    0.0   >-0.24    0.0      -0.44   0.21   92.14	-25.34  -121.31	  -2.49   12212  -460  -350  -420    <18.29     -999     0.0
UKS0242-724	                Bridge	    14.65           0.06   >14.02	  0.0    13.46     0.10	  >15.08    0.0     13.86   0.09  >-0.63    0.0    -1.19    0.12	<-1.22    0.0  292.17	-42.00   -10.82   -4.98   12263   100   340   193     20.69     -999     0.0
CD14-A05		            LA-On	        <13.05          0.0 	12.46     0.15	<12.99     0.0 	  <13.99    0.0     13.52   0.13  >-0.58    0.0     -999    0.0    	>-0.47    0.0  295.7476	-11.78	   -999    -999   14687	   75	170  +120	  18.83    14.64    0.10
UVQSJ101629.20-315023.6 	LA-On	    <13.05          0.0 	12.46     0.15	<12.99     0.0 	  <13.99    0.0     13.52   0.13  >-0.58    0.0     -999    0.0    	>-0.47    0.0  268.3692	 20.44     -999    -999   14687	  175	255	 +210	  18.47    13.96    0.31